(1) 'a' or '1' for random generation
(2) 'b' or '2'  for manual input
2
Enter element for 0th index:
5
Enter element for 1th index:
4
Enter element for 2th index:
1
Enter element for 3th index:
7
Enter element for 4th index:
6
Enter element for 5th index:
3
Enter element for 6th index:
8
Enter element for 7th index:
2
Enter element for 8th index:
0
5 4 1
7 6 3
8 2 0


5 4 1
7 6 3
8 2 0


5 4 1
7 6 3
8 0 2


5 4 1
7 6 3
8 0 2


5 4 1
7 0 3
8 6 2


5 4 1
7 0 3
8 6 2


5 4 1
7 0 3
8 6 2


5 0 1
7 4 3
8 6 2


5 0 1
7 4 3
8 6 2


5 1 0
7 4 3
8 6 2


0 5 1
7 4 3
8 6 2


5 1 3
7 4 0
8 6 2


5 1 3
7 4 0
8 6 2


5 1 3
7 4 2
8 6 0


5 1 3
7 4 2
8 0 6


5 1 3
7 4 2
8 0 6


5 1 3
7 4 2
0 8 6


5 1 3
0 4 2
7 8 6


5 1 3
0 4 2
7 8 6


0 1 3
5 4 2
7 8 6


1 0 3
5 4 2
7 8 6


1 0 3
5 4 2
7 8 6


1 3 0
5 4 2
7 8 6


1 3 2
5 4 0
7 8 6


1 3 2
5 4 0
7 8 6


1 3 2
5 4 6
7 8 0


1 3 2
5 4 6
7 0 8


1 3 2
5 4 6
7 0 8


1 3 2
5 4 6
0 7 8


1 3 2
0 4 6
5 7 8


1 3 2
0 4 6
5 7 8


0 3 2
1 4 6
5 7 8


3 0 2
1 4 6
5 7 8


3 0 2
1 4 6
5 7 8


1 3 2
4 0 6
5 7 8


1 3 2
4 0 6
5 7 8


1 3 2
4 0 6
5 7 8


1 0 2
4 3 6
5 7 8


1 0 2
4 3 6
5 7 8


0 1 2
4 3 6
5 7 8


4 1 2
0 3 6
5 7 8


4 1 2
0 3 6
5 7 8


4 1 2
3 0 6
5 7 8


4 1 2
3 0 6
5 7 8


4 1 2
3 0 6
5 7 8


4 1 2
3 6 0
5 7 8


4 1 2
3 6 0
5 7 8


4 1 2
5 3 6
0 7 8


4 1 0
3 6 2
5 7 8


4 1 2
3 6 8
5 7 0


4 1 2
3 7 6
5 0 8


4 1 2
3 7 6
5 0 8


4 1 2
3 7 6
0 5 8


4 0 2
3 1 6
5 7 8


4 0 2
3 1 6
5 7 8


0 4 2
3 1 6
5 7 8


1 3 2
4 6 0
5 7 8


1 3 2
4 6 0
5 7 8


3 4 2
0 1 6
5 7 8


3 4 2
0 1 6
5 7 8


3 4 2
5 1 6
0 7 8


4 1 2
5 3 6
7 0 8


4 1 2
5 3 6
7 0 8


4 0 1
3 6 2
5 7 8


4 0 1
3 6 2
5 7 8


0 4 1
3 6 2
5 7 8


4 1 2
0 7 6
3 5 8


4 1 2
0 7 6
3 5 8


0 1 2
4 7 6
3 5 8


4 1 2
3 6 8
5 0 7


4 1 2
3 6 8
5 0 7


4 1 2
3 0 8
5 6 7


4 1 2
3 0 8
5 6 7


4 1 2
3 0 8
5 6 7


4 1 2
3 6 8
0 5 7


4 1 2
3 8 0
5 6 7


4 1 2
3 8 0
5 6 7


4 1 2
0 6 8
3 5 7


4 1 2
0 6 8
3 5 7


0 1 2
4 6 8
3 5 7


4 1 2
6 0 8
3 5 7


4 1 2
6 0 8
3 5 7


4 1 2
6 0 8
3 5 7


4 1 2
6 5 8
3 0 7


4 1 2
6 5 8
3 0 7


4 1 2
6 5 8
3 7 0


4 1 2
6 5 0
3 7 8


4 1 2
6 5 0
3 7 8


4 1 2
6 0 5
3 7 8


4 1 2
6 0 5
3 7 8


4 1 2
6 0 5
3 7 8


4 1 2
0 6 5
3 7 8


4 1 2
0 6 5
3 7 8


4 1 2
3 6 5
0 7 8


0 1 2
4 6 5
3 7 8


4 1 2
3 6 5
7 0 8


4 1 2
3 6 5
7 0 8


4 1 2
3 0 5
7 6 8


4 1 2
3 0 5
7 6 8


4 1 2
3 0 5
7 6 8


4 1 2
6 7 5
3 0 8


4 1 2
6 7 5
3 0 8


4 1 2
3 5 0
7 6 8


4 1 2
3 5 0
7 6 8


4 0 2
6 1 5
3 7 8


4 0 2
6 1 5
3 7 8


0 4 2
6 1 5
3 7 8


1 0 2
4 6 5
3 7 8


1 0 2
4 6 5
3 7 8


4 0 2
3 1 5
7 6 8


4 0 2
3 1 5
7 6 8


0 4 2
3 1 5
7 6 8


4 1 2
0 3 5
7 6 8


4 1 2
0 3 5
7 6 8


0 1 2
4 3 5
7 6 8


6 4 2
0 1 5
3 7 8


6 4 2
0 1 5
3 7 8


6 4 2
3 1 5
0 7 8


6 4 2
3 1 5
7 0 8


6 4 2
3 1 5
7 0 8


1 0 2
4 3 5
7 6 8


1 0 2
4 3 5
7 6 8


1 6 2
4 0 5
3 7 8


1 6 2
4 0 5
3 7 8


1 6 2
4 0 5
3 7 8


1 6 2
0 4 5
3 7 8


1 6 2
0 4 5
3 7 8


1 6 2
3 4 5
0 7 8


1 6 2
3 4 5
7 0 8


1 6 2
3 4 5
7 0 8


0 6 2
1 4 5
3 7 8


6 0 2
1 4 5
3 7 8


6 0 2
1 4 5
3 7 8


6 4 2
1 0 5
3 7 8


6 4 2
1 0 5
3 7 8


6 4 2
1 0 5
3 7 8


6 4 2
1 0 5
3 7 8


4 1 2
7 3 5
0 6 8


4 1 2
7 3 5
6 0 8


4 1 2
7 3 5
6 0 8


4 1 2
7 0 5
6 3 8


4 1 2
7 0 5
6 3 8


4 1 2
7 0 5
6 3 8


4 1 2
0 7 5
6 3 8


4 1 2
0 7 5
6 3 8


0 1 2
4 7 5
6 3 8


1 0 2
4 7 5
6 3 8


1 0 2
4 7 5
6 3 8


1 7 2
4 0 5
6 3 8


1 7 2
4 0 5
6 3 8


1 7 2
4 0 5
6 3 8


1 7 2
0 4 5
6 3 8


1 7 2
0 4 5
6 3 8


1 7 2
4 3 5
6 0 8


1 7 2
4 3 5
6 0 8


0 7 2
1 4 5
6 3 8


1 7 2
6 4 5
0 3 8


1 7 2
6 4 5
3 0 8


1 7 2
6 4 5
3 0 8


7 0 2
1 4 5
6 3 8


7 0 2
1 4 5
6 3 8


6 4 2
3 0 5
7 1 8


6 4 2
3 0 5
7 1 8


6 4 2
3 0 5
7 1 8


6 0 2
3 4 5
7 1 8


6 0 2
3 4 5
7 1 8


0 6 2
3 4 5
7 1 8


3 4 2
0 1 5
7 6 8


3 4 2
0 1 5
7 6 8


6 2 0
3 4 5
7 1 8


1 6 2
3 4 5
7 8 0


6 2 0
1 4 5
3 7 8


4 1 2
7 3 5
6 8 0


1 6 2
3 0 5
7 4 8


1 6 2
3 0 5
7 4 8


1 6 2
3 0 5
7 4 8


1 0 2
3 6 5
7 4 8


1 0 2
3 6 5
7 4 8


0 1 2
3 6 5
7 4 8


3 1 2
0 6 5
7 4 8


3 1 2
0 6 5
7 4 8


3 1 2
6 0 5
7 4 8


3 1 2
6 0 5
7 4 8


3 1 2
6 0 5
7 4 8


3 1 2
6 4 5
7 0 8


3 1 2
6 4 5
7 0 8


3 1 2
6 4 5
0 7 8


3 1 2
0 4 5
6 7 8


3 1 2
0 4 5
6 7 8


0 1 2
3 4 5
6 7 8


Time: 0.055086295 seconds
Steps: 190
Initial: 
5 4 1
7 6 3
8 2 0


